# ev x0 y0 z0 xf yf zf 
0 -0.147158 -0.0849318 -0.25 -0.0877706 -0.104929 0.359978
1 0.0896055 -0.058919 -0.25 0.115701 -0.0941277 0.359997
2 0.0852567 0.07861 -0.25 0.0760492 0.106644 0.359999
3 0.028447 0.150692 -0.25 0.0321171 0.167522 -0.149999
4 -0.13134 0.236529 -0.25 -0.175266 0.257816 -0.149985
5 0.155705 0.0653572 -0.25 0.129874 0.00585566 0.356865
6 0.0673098 -0.213138 -0.25 0.0595937 -0.21773 -0.149999
7 -0.139723 -0.17831 -0.25 -0.153344 -0.19381 -0.149979
8 -0.00624444 -0.150893 -0.25 -0.0515964 -0.119588 0.359998
9 0.223678 -0.126551 -0.25 0.135298 -0.1132 -0.149998
10 0.0581652 -0.0489069 -0.25 -0.0864761 -0.114292 0.5
11 -0.174863 0.124967 -0.25 -0.164434 0.0727287 -0.149991
12 -0.0604706 0.196152 -0.25 -0.0338809 0.195228 -0.149994
13 0.103963 -0.154662 -0.25 0.107708 -0.0763413 0.359968
14 -0.091235 -0.191189 -0.25 -0.0274326 -0.222312 -0.149994
15 -0.178393 0.0116068 -0.25 -0.192861 -0.0166588 -0.149995
16 -0.0261204 0.161213 -0.25 0.00656246 0.152912 0.359989
17 0.202688 -0.190864 -0.25 0.178801 -0.222824 -0.149999
18 -0.0101771 -0.0188652 -0.25 -0.0420835 -0.1311 0.359997
19 0.209829 0.108483 -0.25 0.188655 0.0857326 -0.149999
20 -0.0323362 0.115533 -0.25 0.122153 0.0491151 0.35999
21 -0.0761602 -0.215026 -0.25 -0.123364 -0.257242 -0.149996
22 0.152396 0.0341171 -0.25 0.139329 0.0404424 0.359995
23 -0.143337 -0.103849 -0.25 -0.14786 -0.133812 -0.149991
24 0.133224 -0.169659 -0.25 0.124409 -0.170669 -0.149994
25 0.0196004 -0.0586109 -0.25 0.0986026 -0.115431 0.359993
26 0.0314343 0.0947369 -0.25 -0.000542384 0.137599 0.359999
27 -0.183644 0.220964 -0.25 -0.199678 0.271493 -0.149999
28 0.0408887 0.170319 -0.25 0.0329515 0.152311 -0.149994
29 -0.183699 0.199654 -0.25 -0.184126 0.215806 -0.15
30 0.22913 -0.112091 -0.25 0.257317 -0.0817836 -0.149989
31 -0.0387395 -0.04699 -0.25 -0.102969 -0.178693 0.359976
32 -0.200878 -0.0860516 -0.25 -0.247944 -0.0747532 -0.149977
33 0.0121462 0.0389447 -0.25 -0.00665783 0.0749542 0.5
34 0.145083 -0.0280252 -0.25 0.162822 -0.0484714 0.5
35 -0.102573 -0.137253 -0.25 -0.109118 -0.169026 -0.149998
36 -0.162492 0.071267 -0.25 -0.145193 0.0371076 -0.149984
37 -0.102279 0.239904 -0.25 -0.0783735 0.24282 -0.15
38 -0.144616 0.00438376 -0.25 -0.140647 -0.00359663 0.359997
39 -0.113945 0.238608 -0.25 -0.0784348 0.23734 -0.149983
40 0.084725 0.155655 -0.25 0.0574082 0.154497 0.359997
41 -0.0700029 -0.133841 -0.25 -0.100516 -0.0824439 0.359906
42 0.000392047 -0.00364726 -0.25 -0.00173738 0.045558 0.5
43 -0.162877 -0.208719 -0.25 -0.14083 -0.22423 -0.149996
44 -0.0833282 -0.0965757 -0.25 -0.10471 -0.0772156 0.359998
45 0.240934 -0.104198 -0.25 0.26266 -0.135061 -0.149998
46 0.0413331 -0.0478051 -0.25 0.0661021 -0.159136 0.359999
47 0.0988122 0.0904548 -0.25 0.114612 0.0979818 0.359984
48 0.116143 -0.139042 -0.25 0.0809793 -0.140264 -0.15
49 -0.120601 0.0112265 -0.25 -0.12348 0.0499807 0.359998
50 0.0829332 0.0268267 -0.25 -0.0082251 -0.0176351 0.5
51 0.123974 0.170441 -0.25 0.0841679 0.20541 -0.149988
52 -0.151906 -0.228306 -0.25 -0.137727 -0.267857 -0.149999
53 0.160345 -0.0465221 -0.25 0.160294 -0.0999961 -0.149987
54 0.0260779 -0.203601 -0.25 0.039105 -0.217654 -0.149997
55 -0.057914 -0.139197 -0.25 -0.114266 -0.115312 0.359995
56 0.202055 0.122083 -0.25 0.242067 0.117351 -0.149997
57 -0.0230379 -0.0475534 -0.25 -0.134903 0.0299373 0.36
58 -0.131564 0.0640851 -0.25 -0.132234 0.0138089 0.36
59 -0.00627273 0.0351076 -0.25 0.129135 0.0144993 0.5
60 0.217509 -0.0153383 -0.25 0.222455 -0.0262739 -0.149978
61 0.18091 0.00884248 -0.25 0.162868 0.0191788 -0.15
62 0.186857 0.029722 -0.25 0.184257 0.0207415 -0.149996
63 -0.150703 0.0529999 -0.25 -0.0479465 0.149952 0.359972
64 0.14068 -0.0213032 -0.25 0.134536 0.0173815 0.359999
65 -0.185774 -0.0263864 -0.25 -0.13647 0.00354451 -0.15
66 -0.244476 0.1882 -0.25 -0.239056 0.167692 -0.149999
67 -0.105945 -0.146383 -0.25 -0.114685 -0.171859 -0.149999
68 0.209894 -0.195601 -0.25 0.277728 -0.182243 -0.149991
69 0.0570952 -0.014028 -0.25 0.110557 0.148585 0.5
70 -0.149201 0.249181 -0.25 -0.12193 0.250839 -0.160252
71 0.0967748 -0.197147 -0.25 0.0703771 -0.195757 -0.149992
72 0.121264 -0.176263 -0.25 0.168672 -0.194916 -0.15
73 0.00529974 0.2397 -0.25 -0.0502252 0.251458 -0.149998
74 0.137822 0.249027 -0.25 0.13711 0.258793 -0.15
75 0.0248076 0.105331 -0.25 0.192323 0.105983 0.359989
76 -0.0163113 -0.0442826 -0.25 0.101274 0.0656195 0.5
77 -0.135826 -0.0794547 -0.25 -0.135796 -0.0266624 0.359997
78 0.235439 -0.0365288 -0.25 0.223585 -0.0402849 -0.149992
79 0.223545 0.12612 -0.25 0.276249 0.168021 -0.149996
80 0.192168 -0.212228 -0.25 0.195689 -0.179735 -0.149984
81 -0.150267 0.197692 -0.25 -0.169999 0.180915 -0.15
82 0.225972 -0.00621206 -0.25 0.195139 -0.0263088 -0.149993
83 -0.198691 0.185866 -0.25 -0.176022 0.118455 -0.149995
84 0.0481872 0.108404 -0.25 -0.209546 0.0885353 0.5
85 -0.0781623 0.148986 -0.25 -0.0471457 0.187256 -0.149985
86 0.107585 -0.231387 -0.25 0.0372461 -0.255241 -0.149997
87 0.201839 -0.0211505 -0.25 0.243862 -0.00723025 -0.149999
88 -0.157651 -0.0428612 -0.25 -0.10818 -0.0720938 0.353464
89 -0.0314505 0.230172 -0.25 -0.000465234 0.25127 -0.149997
90 -0.0438342 0.243357 -0.25 -0.0440918 0.29114 -0.149988
91 0.085503 0.189855 -0.25 0.0922538 0.20287 -0.149995
92 -0.0509254 0.199677 -0.25 -0.0400564 0.234659 -0.149998
93 -0.1396 -0.0654861 -0.25 -0.132032 0.09137 0.359995
94 -0.0868518 -0.166055 -0.25 -0.0935334 -0.136183 -0.149998
95 -0.189366 -0.144684 -0.25 -0.19922 -0.142148 -0.149998
96 -0.128283 -0.089633 -0.25 -0.189739 -0.0914311 -0.149991
97 -0.196992 -0.152312 -0.25 -0.225452 -0.151792 -0.149977
98 0.154155 -0.145683 -0.25 0.148895 -0.151676 -0.149994
99 -0.216446 -0.0476578 -0.25 -0.223841 -0.0804683 -0.15
100 0.212721 -0.0446083 -0.25 0.259343 -0.0483781 -0.149998
101 -0.148672 0.0703059 -0.25 -0.131978 -0.00206461 0.359996
102 -0.0259958 -0.196833 -0.25 -0.0107428 -0.167742 -0.15
103 -0.200845 0.0663537 -0.25 -0.189105 0.100271 -0.149973
104 0.010306 0.0177049 -0.25 0.0528995 0.121559 0.5
105 0.0465252 0.216472 -0.25 0.0540824 0.263812 -0.149997
106 0.0110621 -0.117972 -0.25 0.0515559 -0.125413 0.36
107 0.156326 0.210137 -0.25 0.147219 0.217696 -0.14999
108 -0.168295 -0.233274 -0.25 -0.140996 -0.272132 -0.149989
109 -0.105349 -0.00514671 -0.25 -0.128586 0.0215495 0.359991
110 -0.149329 -0.0447157 -0.25 -0.154015 0.0155045 -0.149998
111 0.100169 -0.0276121 -0.25 0.129493 -0.0114791 0.359257
112 0.115651 0.153177 -0.25 0.0973099 0.163138 -0.149987
113 0.0700762 0.0198062 -0.25 0.112865 0.218515 0.5
114 -0.242506 0.10363 -0.25 -0.265025 0.132408 -0.15
115 0.222148 0.220214 -0.25 0.225466 0.233796 -0.149989
116 -0.190978 -0.176524 -0.25 -0.206928 -0.186555 -0.15
117 0.0405202 0.0330262 -0.25 0.196197 -0.0617349 0.359999
118 -0.123356 0.0896756 -0.25 -0.110158 0.154968 0.36
119 -0.15062 0.13695 -0.25 -0.127283 0.102221 -0.149997
120 -0.142619 0.145905 -0.25 -0.114188 0.0621414 0.346529
121 0.103421 0.118443 -0.25 0.139976 0.0868293 -0.149999
122 -0.222067 0.00974776 -0.25 -0.197604 0.0166339 -0.15
123 0.0785792 -0.140362 -0.25 0.0624231 -0.128207 0.359995
124 0.0264739 0.22323 -0.25 0.0299907 0.226468 -0.15
125 0.104492 0.127145 -0.25 0.109458 0.149336 -0.149991
126 -0.0714859 -0.0453389 -0.25 -0.183597 -0.130018 0.359988
127 -0.150467 -0.205835 -0.25 -0.170502 -0.213821 -0.149999
128 -0.142162 0.169609 -0.25 -0.148599 0.164292 -0.149981
129 0.0639717 -0.134668 -0.25 0.116037 -0.0946554 0.359985
130 0.0232394 0.0361201 -0.25 -0.0332627 0.206291 0.5
131 -0.164454 0.0822613 -0.25 -0.202425 0.0337962 -0.149978
132 0.109597 0.126067 -0.25 0.133056 0.0397175 0.359999
133 -0.134712 0.23624 -0.25 -0.180066 0.270972 -0.149989
134 -0.0342577 -0.0353326 -0.25 -0.0455371 0.0115843 0.5
135 0.12319 0.0731228 -0.25 0.15587 0.0621259 -0.149988
136 -0.139428 -0.0233889 -0.25 -0.15538 0.00558107 0.359994
137 -0.0584347 -0.111494 -0.25 -0.0983477 -0.0992385 0.35999
138 0.236359 -0.229855 -0.25 0.195757 -0.243906 -0.149996
139 -0.00185613 0.0128328 -0.25 -0.0392397 0.0385091 0.5
140 0.243374 -0.147365 -0.25 0.261847 -0.101129 -0.149985
141 -0.110022 -0.0781114 -0.25 -0.139854 -0.0527486 0.36
142 0.0572965 -0.0104892 -0.25 -0.03039 -0.0414393 0.5
143 -0.033946 0.165135 -0.25 -0.00956134 0.129649 0.357222
144 -0.09088 -0.219974 -0.25 -0.0906993 -0.22492 -0.149997
145 -0.219533 0.182359 -0.25 -0.230631 0.202118 -0.15
146 0.0661457 -0.133987 -0.25 0.036805 -0.127263 0.36
147 0.0146208 -0.0742578 -0.25 0.0561953 -0.10466 0.5
148 0.24208 0.129908 -0.25 0.247632 0.15991 -0.15
149 -0.0880177 -0.0421779 -0.25 -0.155386 -0.052841 0.5
150 -0.155424 -0.214828 -0.25 -0.194049 -0.203602 -0.149997
151 -0.219055 -0.044852 -0.25 -0.170199 -0.0264409 -0.149999
152 0.0117832 -0.0274897 -0.25 0.132827 0.0229173 0.5
153 0.0936536 -0.00185791 -0.25 0.235737 0.107107 0.5
154 -0.00734516 -0.158203 -0.25 0.00871182 -0.206006 -0.149968
155 -0.239025 -0.0139707 -0.25 -0.249358 0.0371966 -0.14998
156 -0.0555671 -0.0990472 -0.25 -0.0288703 -0.060519 0.345185
157 0.157918 -0.248271 -0.25 0.179331 -0.245834 -0.149989
158 0.140464 -0.126028 -0.25 0.136267 -0.0976757 -0.149999
159 0.166864 -0.200416 -0.25 0.186227 -0.170654 -0.149997
160 -0.0960025 0.197331 -0.25 -0.103644 0.175264 -0.149999
161 0.231943 0.220143 -0.25 0.272377 0.226994 -0.15
162 -0.186656 -0.0034362 -0.25 -0.179411 -0.0527103 -0.149996
163 -0.104115 -0.194576 -0.25 -0.0891888 -0.164503 -0.149999
164 -0.123528 0.0578677 -0.25 -0.112544 0.0650743 0.353207
165 0.0132463 -0.0289523 -0.25 -0.283591 -0.0471777 0.359997
166 0.0930398 0.0441912 -0.25 0.079926 0.107774 0.36
167 0.176196 -0.145177 -0.25 0.232278 -0.126576 -0.149998
168 -0.233299 0.0198494 -0.25 -0.234853 0.00630679 -0.149999
169 0.102965 0.00935632 -0.25 0.133057 -0.0287235 0.359991
170 0.111647 0.11394 -0.25 0.111639 0.140328 -0.15
171 0.245386 -0.19392 -0.25 0.318253 -0.182668 -0.149988
172 -0.235107 0.153303 -0.25 -0.220873 0.169834 -0.149995
173 -0.192191 0.155356 -0.25 -0.123664 0.170925 -0.149993
174 -0.222725 0.224673 -0.25 -0.240142 0.299158 -0.149998
175 0.20494 -0.0687273 -0.25 0.242682 -0.0531518 -0.149997
176 0.172004 0.186883 -0.25 0.148074 0.233776 -0.149999
177 -0.0985841 0.235349 -0.25 -0.132081 0.253926 -0.149986
178 -0.0665532 0.0473012 -0.25 0.0360556 0.0276708 0.5
179 -0.209227 0.0599189 -0.25 -0.246211 0.133326 -0.149984
180 -0.144831 0.0540192 -0.25 -0.184145 0.0387176 -0.149995
181 -0.219033 0.198209 -0.25 -0.233125 0.179115 -0.149995
182 -0.15179 0.207162 -0.25 -0.147951 0.294104 -0.149989
183 -0.196968 -0.135088 -0.25 -0.210562 -0.139967 -0.149977
184 -0.0229882 0.155997 -0.25 -0.0229421 0.127961 0.359246
185 0.124268 -0.161341 -0.25 0.123525 -0.171459 -0.149999
186 0.0199367 0.119654 -0.25 0.00712256 0.129889 0.359999
187 -0.105262 0.0348294 -0.25 -0.166716 -0.0991562 0.5
188 0.0229573 -0.0474523 -0.25 -0.000342772 -0.0180103 0.5
189 -0.0598142 0.0502325 -0.25 -0.136935 0.126942 0.5
190 -0.0727788 -0.104874 -0.25 -0.0445275 -0.122706 0.359968
191 0.231505 -0.150774 -0.25 0.291143 -0.215565 -0.149997
192 -0.167991 -0.117079 -0.25 -0.19983 -0.106429 -0.149994
193 -0.165426 0.0154556 -0.25 -0.146251 0.00814363 -0.149989
194 0.180222 -0.124653 -0.25 0.169079 -0.160939 -0.149982
195 -0.174626 -0.214609 -0.25 -0.225052 -0.228443 -0.149995
196 0.179367 -0.143659 -0.25 0.187918 -0.16128 -0.15
197 0.2336 -0.222423 -0.25 0.228333 -0.254264 -0.149992
198 -0.186497 -0.213368 -0.25 -0.188717 -0.276327 -0.149993
199 -0.107511 0.0405153 -0.25 -0.114668 0.0612688 0.355746
200 0.192628 -0.233243 -0.25 0.173603 -0.23237 -0.149997
201 0.129174 -0.0374349 -0.25 0.130217 -0.0246652 0.359967
202 0.136411 -0.226088 -0.25 0.115579 -0.250007 -0.15
203 0.247395 -0.0906316 -0.25 0.264623 -0.0591327 -0.149985
204 -0.0235398 -0.0624196 -0.25 -0.110034 -0.0751085 0.359999
205 0.209601 0.153681 -0.25 0.24696 0.191765 -0.149991
206 0.0827061 0.191106 -0.25 0.052655 0.185619 -0.149998
207 -0.247093 0.164715 -0.25 -0.274459 0.192641 -0.149992
208 -0.175973 -0.162518 -0.25 -0.170485 -0.170493 -0.149981
209 -0.0698295 -0.245751 -0.25 -0.0615654 -0.244617 -0.149981
210 -0.0371711 0.00554499 -0.25 0.0274646 -0.0321893 0.5
211 -0.210359 -0.107804 -0.25 -0.209294 -0.130814 -0.149999
212 0.111886 -0.226759 -0.25 0.135838 -0.19007 -0.149999
213 -0.0802273 0.17539 -0.25 -0.074411 0.166881 -0.15
214 -0.190128 0.0622617 -0.25 -0.177312 0.12048 -0.149998
215 -0.0340952 -0.247499 -0.25 -0.0511772 -0.23158 -0.149999
216 0.079019 -0.154921 -0.25 0.029054 -0.201171 -0.149987
217 -0.0349342 -0.0345698 -0.25 -0.122386 -0.114679 0.5
218 -0.131009 -0.0375396 -0.25 -0.126509 -0.0386858 0.359977
219 0.124799 0.0954514 -0.25 0.0624363 0.11403 0.356587
220 0.150041 0.0843995 -0.25 0.196358 0.109817 -0.149988
221 -0.000867241 -0.0172531 -0.25 -0.0871992 -0.0488931 0.5
222 0.0255055 0.00203982 -0.25 0.122376 0.0532735 0.359996
223 -0.102538 0.0995326 -0.25 -0.105762 0.0755944 0.357871
224 0.0895214 0.0776323 -0.25 -0.00456732 -0.0509703 0.5
225 0.103782 -0.19765 -0.25 0.0989578 -0.174675 -0.149991
226 -0.166823 0.143423 -0.25 -0.158969 0.191583 -0.149996
227 -0.0554542 0.195063 -0.25 -0.0562911 0.220847 -0.149994
228 0.166663 0.114319 -0.25 0.197718 0.128241 -0.149999
229 0.120453 0.226535 -0.25 0.0588837 0.252695 -0.149992
230 -0.0734198 -0.163642 -0.25 -0.0319328 -0.199707 -0.149999
231 0.229036 -0.244401 -0.25 0.256335 -0.278957 -0.149997
232 -0.0685634 -0.0558983 -0.25 -0.120334 -0.209774 0.359958
233 -0.0289706 0.0504278 -0.25 0.10865 0.0662559 0.5
234 0.156562 -0.154172 -0.25 0.120973 -0.182635 -0.149993
235 -0.104121 0.0566028 -0.25 -0.173263 0.101443 0.359993
236 0.180227 0.145012 -0.25 0.186565 0.147613 -0.149987
237 -0.21065 -0.044267 -0.25 -0.214059 -0.128469 -0.15
238 -0.102948 -0.0631884 -0.25 -0.121906 0.0123985 0.5
239 -0.194734 0.236573 -0.25 -0.219032 0.276228 -0.149972
240 -0.235556 0.159048 -0.25 -0.285384 0.16977 -0.149999
241 -0.211077 -0.152379 -0.25 -0.198743 -0.130309 -0.149997
242 0.0524702 -0.0165307 -0.25 0.0225816 -0.121262 0.5
243 -0.207315 -0.0308667 -0.25 -0.20249 -0.0722796 -0.149994
244 -0.152212 0.163138 -0.25 -0.142598 0.190047 -0.15
245 -0.0543314 0.024368 -0.25 -0.0489074 0.0559908 0.5
246 0.249495 -0.0752954 -0.25 0.268029 -0.0985829 -0.149994
247 0.0299673 -0.069068 -0.25 0.0991757 0.0232759 0.5
248 0.118806 -0.249003 -0.25 0.144284 -0.215543 -0.149996
249 0.23136 0.0253684 -0.25 0.263388 -0.00838778 -0.15
250 -0.153175 -0.122761 -0.25 -0.158897 -0.13321 -0.149998
251 -0.168029 -0.222948 -0.25 -0.169767 -0.225788 -0.149999
252 -0.227749 -0.128679 -0.25 -0.267437 -0.126119 -0.149995
253 -0.0172148 -0.0806973 -0.25 0.0436288 -0.0716479 0.5
254 0.0581325 0.0380508 -0.25 0.133856 0.0462366 0.367463
255 -0.0941241 0.0725764 -0.25 -0.160215 0.0302739 0.359974
256 -0.0529016 -0.0552007 -0.25 -0.0148677 -0.161834 0.359987
257 0.170198 0.249569 -0.25 0.167534 0.274327 -0.149991
258 0.178269 0.212882 -0.25 0.202577 0.215184 -0.149997
259 -0.0312981 -0.223944 -0.25 -0.0182624 -0.236837 -0.14998
260 0.12602 0.164371 -0.25 0.174688 0.17005 -0.149986
261 0.0504244 0.125515 -0.25 -0.133527 0.0313811 0.5
262 -0.160925 -0.169608 -0.25 -0.157515 -0.140232 -0.149997
263 -0.193553 0.207881 -0.25 -0.201826 0.234904 -0.15
264 -0.168612 -0.212193 -0.25 -0.149807 -0.149558 -0.149984
265 -0.0167502 -0.0717869 -0.25 -0.153045 -0.161482 0.359962
266 -0.084954 0.065221 -0.25 -0.146554 0.0878074 0.359995
267 -0.0447348 -0.062703 -0.25 -0.0256796 -0.132482 0.359999
268 0.186542 0.18805 -0.25 0.169164 0.0887004 -0.149999
269 0.1066 -0.00532562 -0.25 0.110093 -0.164623 0.359962
270 -0.0238988 -0.237524 -0.25 -0.00387015 -0.237284 -0.149999
271 -0.182749 0.1732 -0.25 -0.171647 0.151704 -0.15
272 -0.0427251 0.237448 -0.25 0.00470218 0.268819 -0.14998
273 0.172768 -0.114457 -0.25 0.166268 -0.115554 -0.149996
274 0.200331 -0.10853 -0.25 0.180229 -0.0482619 -0.149999
275 -0.0884002 0.0763504 -0.25 -0.088472 0.0866316 0.5
276 -0.194159 0.212024 -0.25 -0.180266 0.23589 -0.149995
277 -0.0481345 -0.105084 -0.25 -0.0921094 -0.110901 0.359996
278 -0.207584 0.00831273 -0.25 -0.205329 -0.0222156 -0.149998
279 -0.147203 -0.126196 -0.25 -0.117292 -0.138095 -0.149987
280 0.0461197 0.0860471 -0.25 0.132847 0.0781997 0.359995
281 0.0520173 0.211166 -0.25 0.107157 0.206218 -0.149977
282 -0.0987319 -0.242718 -0.25 -0.100558 -0.263873 -0.149988
283 -0.101537 -0.16219 -0.25 -0.115378 -0.177639 -0.14999
284 0.195333 -0.244938 -0.25 0.209501 -0.27835 -0.149996
285 0.0824843 -0.0785659 -0.25 0.0879176 -0.0832897 -0.231072
286 -0.232462 0.149735 -0.25 -0.254239 0.107384 -0.149986
287 -0.155366 -0.0251872 -0.25 -0.179924 -0.0307296 -0.149996
288 0.137183 -0.232598 -0.25 0.153633 -0.252349 -0.149994
289 0.110356 0.087514 -0.25 0.0933511 0.21035 0.359969
290 -0.0911278 -0.228044 -0.25 -0.0941152 -0.261984 -0.149998
291 -0.0861356 -0.0352871 -0.25 -0.137667 -0.0313417 0.359988
292 0.23398 0.11573 -0.25 0.240875 0.137426 -0.149999
293 0.109629 -0.223604 -0.25 0.159723 -0.21887 -0.149996
294 -0.125957 0.212426 -0.25 -0.122121 0.249272 -0.149995
295 -0.0997997 0.170162 -0.25 -0.149879 0.141209 -0.149993
296 0.0484732 0.202218 -0.25 0.0678307 0.208369 -0.15
297 0.131328 0.199741 -0.25 0.151368 0.175103 -0.14998
298 0.2095 -0.220209 -0.25 0.20746 -0.254104 -0.149997
299 -0.212449 0.154833 -0.25 -0.22384 0.161514 -0.149966
300 -0.215147 0.120036 -0.25 -0.21455 0.0961046 -0.202381
301 -0.173733 -0.197609 -0.25 -0.18347 -0.16449 -0.149996
302 0.0197707 -0.0790993 -0.25 -0.153877 0.0158816 0.5
303 0.0272038 -0.0930458 -0.25 -0.0907505 -0.104994 0.359978
304 -0.0616973 -0.11244 -0.25 -0.107431 -0.0862675 0.359998
305 0.244468 0.0971749 -0.25 0.25762 0.0682784 -0.149996
306 -0.0904838 -0.0916675 -0.25 -0.110001 -0.0692855 0.35963
307 -0.188112 -0.106504 -0.25 -0.20256 -0.0495426 -0.149991
308 -0.225938 0.171517 -0.25 -0.229172 0.207931 -0.14999
309 -0.0801075 -0.101895 -0.25 -0.0366347 -0.124733 0.359331
310 0.133943 0.0700928 -0.25 0.136345 0.0654396 -0.149996
311 -0.181733 -0.067584 -0.25 -0.16757 -0.0147497 -0.149994
312 0.0223104 0.199595 -0.25 0.0424843 0.216336 -0.149999
313 -0.117843 -0.0181896 -0.25 -0.129866 -0.00592279 0.359063
314 0.229386 -0.0802915 -0.25 0.255744 -0.0976208 -0.149967
315 -0.113357 -0.235761 -0.25 -0.101962 -0.276035 -0.221108
316 -0.210256 -0.0370896 -0.25 -0.234191 -0.0270821 -0.149982
317 -0.18337 0.0595148 -0.25 -0.189422 0.021899 -0.149995
318 0.133811 0.0938341 -0.25 0.100509 0.102359 0.36
319 0.216469 -0.177886 -0.25 0.244696 -0.14964 -0.149993
320 0.231394 0.210937 -0.25 0.198684 0.223313 -0.149999
321 0.169289 -0.10909 -0.25 0.200219 -0.0876133 -0.149992
322 -0.13073 0.231176 -0.25 -0.122173 0.218724 -0.149987
323 0.0344068 -0.106668 -0.25 0.0809799 -0.151444 0.359999
324 0.152693 0.204299 -0.25 0.193555 0.209678 -0.149997
325 0.0414372 0.0366358 -0.25 -0.00765189 -0.0349712 0.5
326 0.0243921 0.109705 -0.25 -0.0117969 0.165317 0.359997
327 0.219052 -0.203298 -0.25 0.246915 -0.196397 -0.149991
328 0.0593001 -0.148791 -0.25 0.0707302 -0.18824 -0.15
329 0.0285129 0.0386863 -0.25 -0.0195074 0.00412096 0.5
330 0.0209175 0.165156 -0.25 0.035912 0.202311 -0.149982
331 0.0529256 0.0606616 -0.25 0.00700696 0.0284486 0.5
332 -0.121933 0.119556 -0.25 -0.116139 0.154139 -0.149999
333 -0.129824 -0.238122 -0.25 -0.129618 -0.265526 -0.149998
334 -0.0366101 -0.163355 -0.25 -0.0285422 -0.137571 -0.149978
335 -0.166008 -0.0552159 -0.25 -0.16897 0.00736786 0.359992
336 -0.202417 -0.24672 -0.25 -0.171875 -0.245357 -0.149996
337 0.0856944 -0.0831477 -0.25 0.0949895 -0.0887583 0.353685
338 0.234457 -0.129899 -0.25 0.242147 -0.106845 -0.149999
339 0.0601844 0.13715 -0.25 0.0823863 0.11183 0.359995
340 -0.1756 -0.148378 -0.25 -0.145774 -0.193744 -0.149995
341 -0.0762144 0.0987925 -0.25 -0.121482 0.0612724 0.359998
342 0.211326 -0.107163 -0.25 0.165543 -0.0751866 -0.149998
343 0.145495 0.0206263 -0.25 0.129495 0.011522 0.354608
344 -0.00595371 -0.0759921 -0.25 -0.00961219 -0.0944318 0.5
345 -0.190687 -0.235036 -0.25 -0.227148 -0.201105 -0.149988
346 -0.160836 0.112238 -0.25 -0.162733 0.142793 -0.149992
347 0.0756254 -0.0327693 -0.25 0.030376 0.0507735 0.5
348 -0.018206 0.195802 -0.25 -0.00724125 0.194223 -0.149999
349 -0.0208916 0.195184 -0.25 -0.0386445 0.23943 -0.149997
350 -0.217553 0.0630999 -0.25 -0.218494 0.09192 -0.149994
351 -0.110032 -0.16997 -0.25 -0.0600381 -0.190514 -0.15
352 0.0663802 0.225662 -0.25 0.0390872 0.244529 -0.14999
353 -0.00311792 0.0508369 -0.25 0.0892108 0.164423 0.5
354 -0.154236 -0.192934 -0.25 -0.178483 -0.251006 -0.149995
355 -0.0620133 -0.079836 -0.25 -0.149928 -0.0793796 0.5
356 -0.091312 0.111772 -0.25 -0.110401 0.0745001 0.36
357 -0.231043 -0.129986 -0.25 -0.256768 -0.110086 -0.149997
358 -0.24539 0.164452 -0.25 -0.225058 0.224006 -0.149999
359 0.14064 -0.00134418 -0.25 0.131712 -0.00734678 0.359999
360 -0.161541 0.199953 -0.25 -0.161 0.232372 -0.149998
361 0.0136196 -0.0723766 -0.25 0.0200886 -0.1376 0.5
362 0.0621912 -0.160755 -0.25 0.0936923 -0.163414 -0.149998
363 0.144854 -0.206015 -0.25 0.154112 -0.188211 -0.149998
364 -0.214953 -0.126038 -0.25 -0.212627 -0.0842466 -0.149999
365 0.239169 -0.182506 -0.25 0.259346 -0.17307 -0.149993
366 0.187062 -0.120863 -0.25 0.144094 -0.102919 -0.149998
367 -0.102476 0.00344252 -0.25 -0.156899 -0.0208674 0.359995
368 -0.145201 0.144406 -0.25 -0.120466 0.157436 -0.149991
369 -0.195721 -0.0494371 -0.25 -0.148477 0.0160169 -0.149981
370 0.201472 -0.00773396 -0.25 0.179318 -0.0070001 -0.149996
371 0.120727 -0.13984 -0.25 0.100205 -0.107467 -0.149978
372 -0.145962 0.139683 -0.25 -0.136616 0.159159 -0.149999
373 -0.0198254 -0.141352 -0.25 -0.0733163 -0.113644 0.359996
374 0.0541349 -0.129185 -0.25 0.0448056 -0.140624 0.5
375 0.107304 0.142594 -0.25 0.0508627 0.119652 -0.149134
376 -0.179232 -0.129077 -0.25 -0.22529 -0.150693 -0.149998
377 -0.179782 0.132959 -0.25 -0.213206 0.113513 -0.149987
378 -0.0398318 0.215072 -0.25 -0.0744996 0.233289 -0.15
379 0.176944 -0.00478494 -0.25 0.188005 -0.0187069 -0.149998
380 -0.160966 0.166113 -0.25 -0.17747 0.132521 -0.149993
381 0.0627092 -0.223903 -0.25 0.0677665 -0.234591 -0.149997
382 -0.20475 0.210233 -0.25 -0.201665 0.278186 -0.149997
383 0.0295392 -0.0999503 -0.25 0.054245 -0.118147 0.349207
384 0.104639 0.0838186 -0.25 0.119104 0.0521026 0.356071
385 0.100613 0.0561115 -0.25 0.00870344 0.0581146 0.5
386 -0.173915 -0.0286606 -0.25 -0.151458 -0.0222888 -0.149987
387 0.166272 -0.0698771 -0.25 0.136443 -0.0335654 -0.149989
388 -0.138977 -0.103553 -0.25 -0.162983 -0.120144 -0.149987
389 0.0387707 0.165158 -0.25 0.0276441 0.153625 -0.14999
390 0.0172617 -0.103926 -0.25 -0.109049 -0.151342 0.359999
391 0.057752 0.0880299 -0.25 0.0142421 0.161973 0.359997
392 0.0169975 0.12797 -0.25 0.0335374 0.125604 0.355069
393 -0.0290108 0.227166 -0.25 -0.0526952 0.218908 -0.149999
394 0.0930416 -0.102066 -0.25 0.129349 -0.0423609 0.359997
395 -0.0276192 0.182076 -0.25 -0.00221903 0.182498 -0.149984
396 -0.185953 -0.21491 -0.25 -0.205709 -0.237918 -0.149999
397 0.208173 -0.140703 -0.25 0.211715 -0.156824 -0.149996
398 0.245323 -0.0122883 -0.25 0.268725 -0.000614241 -0.149996
399 0.00934709 0.0999621 -0.25 0.00696051 0.145248 0.5
400 -0.17847 -0.14004 -0.25 -0.193315 -0.185313 -0.15
401 -0.0939263 -0.102385 -0.25 -0.154828 -0.0856347 0.359982
402 0.0812991 -0.177654 -0.25 0.0514914 -0.152042 -0.149996
403 0.0777378 0.192322 -0.25 0.0763803 0.193216 -0.149998
404 -0.0312077 -0.133491 -0.25 0.0258714 -0.127401 0.356336
405 0.10748 0.236054 -0.25 0.108411 0.247945 -0.149996
406 0.0125828 -0.0847684 -0.25 0.012605 -0.129714 0.359998
407 0.0740839 -0.22042 -0.25 0.0333031 -0.250396 -0.149979
408 -0.206799 -0.204927 -0.25 -0.193952 -0.171213 -0.149992
409 -0.243254 0.136243 -0.25 -0.300594 0.135345 -0.149999
410 -0.0569934 -0.0208732 -0.25 -0.0652904 -0.0504329 0.5
411 0.0683187 0.00705361 -0.25 0.22793 -0.0863517 0.359984
412 0.0142168 0.0264913 -0.25 -0.132343 0.157987 0.359982
413 0.116351 0.00953981 -0.25 0.156003 0.0751287 0.359995
414 -0.235797 -0.124302 -0.25 -0.218332 -0.153689 -0.149996
415 -0.140498 -0.164267 -0.25 -0.114847 -0.170219 -0.149992
416 -0.0143423 0.0155756 -0.25 -0.0127411 0.00448799 0.5
417 -0.0166518 -0.183043 -0.25 0.0366476 -0.13352 0.359995
418 0.0879212 -0.188914 -0.25 0.0764614 -0.201017 -0.149999
419 -0.240721 -0.193286 -0.25 -0.214039 -0.199453 -0.149986
420 -0.0724054 0.116758 -0.25 -0.0526265 0.126253 0.36
421 -0.207232 0.190177 -0.25 -0.232173 0.196189 -0.149998
422 -0.21801 0.116851 -0.25 -0.267405 0.124299 -0.149997
423 0.219758 -0.174809 -0.25 0.254245 -0.166891 -0.15
424 0.161924 0.226504 -0.25 0.165063 0.233942 -0.149992
425 0.211434 -0.145069 -0.25 0.199925 -0.162251 -0.149998
426 -0.0443695 0.0297527 -0.25 -0.125511 0.0719933 0.5
427 0.111985 0.219847 -0.25 0.0919429 0.233153 -0.149995
428 -0.193756 -0.0216644 -0.25 -0.209265 0.00192215 -0.14999
429 -0.0206129 -0.179553 -0.25 -0.0255974 -0.192995 -0.149992
430 0.104034 0.088889 -0.25 0.138211 0.0790647 0.5
431 -0.0938197 -0.160309 -0.25 -0.0583479 -0.237159 -0.149998
432 -0.145535 0.139529 -0.25 -0.139413 0.0806067 -0.149993
433 -0.0933518 0.192386 -0.25 -0.100188 0.228141 -0.149994
434 0.200615 -0.0840731 -0.25 0.183808 -0.102342 -0.149984
435 0.249099 -0.121791 -0.25 0.232474 -0.164287 -0.149991
436 -0.217315 -0.208133 -0.25 -0.229315 -0.218828 -0.149987
437 -0.181613 -0.185325 -0.25 -0.199914 -0.193102 -0.149992
438 0.158718 -0.211856 -0.25 0.144532 -0.228035 -0.149992
439 -0.110134 0.0706427 -0.25 -0.0713931 0.115291 0.359957
440 -0.235352 -0.1487 -0.25 -0.241358 -0.158175 -0.149998
441 0.175574 -0.0297216 -0.25 0.165295 -0.0294035 -0.149991
442 0.131053 0.0375584 -0.25 0.115835 0.0590108 0.359547
443 -0.0598743 0.187296 -0.25 -0.0496281 0.207627 -0.149991
444 -0.234106 0.169513 -0.25 -0.260362 0.182889 -0.149999
445 -0.242257 0.119928 -0.25 -0.223496 0.125849 -0.149982
446 0.0084019 -0.0860763 -0.25 -0.0957656 -0.0950064 0.359877
447 0.209619 0.112867 -0.25 0.191449 0.125472 -0.149992
448 -0.196548 -0.133733 -0.25 -0.191747 -0.136476 -0.149999
449 0.0552524 -0.245933 -0.25 0.134647 -0.285076 -0.149995
450 0.0321942 0.0543518 -0.25 0.0829005 0.12079 0.359997
451 -0.117724 0.0648793 -0.25 -0.0565309 0.118196 0.359999
452 0.0962186 -0.0493374 -0.25 0.0547818 -0.127424 0.359996
453 0.129554 0.00493694 -0.25 0.136544 0.194302 0.361436
454 -0.0111932 -0.23058 -0.25 -0.0478591 -0.268198 -0.14999
455 -0.17442 0.00345465 -0.25 -0.19247 0.00774293 -0.149938
456 -0.12928 -0.248847 -0.25 -0.195916 -0.288954 -0.14999
457 0.223733 -0.248228 -0.25 0.204214 -0.27833 -0.149998
458 0.0387118 -0.0861412 -0.25 0.0792723 -0.136864 0.359995
459 0.189069 0.0546058 -0.25 0.180741 0.0381464 -0.149992
460 -0.166628 0.196812 -0.25 -0.160694 0.191951 -0.149986
461 -0.0754665 0.0917736 -0.25 -0.119039 0.0963785 -0.149989
462 -0.139264 -0.115847 -0.25 -0.118435 -0.114434 -0.149998
463 -0.0453599 -0.0858118 -0.25 -0.0317992 -0.02669 0.5
464 0.000420008 -0.240108 -0.25 -0.0202672 -0.248215 -0.149994
465 -0.0817449 -0.217386 -0.25 -0.0371319 -0.214384 -0.149995
466 0.0642442 0.0505311 -0.25 0.147927 0.0343924 0.36
467 0.0974935 -0.0895371 -0.25 0.095194 -0.0935514 0.359994
468 -0.248806 -0.0229524 -0.25 -0.252584 -0.0359854 -0.149983
469 0.1654 -0.00999959 -0.25 0.1132 -0.0664709 0.359933
470 -0.00353241 0.240979 -0.25 -0.0226337 0.247938 -0.149958
471 0.243455 0.117187 -0.25 0.290062 0.190341 -0.149994
472 0.242133 0.217188 -0.25 0.272252 0.186744 -0.149992
473 0.11896 0.0308446 -0.25 0.113363 0.0636324 0.355016
474 -0.118953 0.0580285 -0.25 -0.112493 0.114728 -0.15
475 -0.16455 -0.0355814 -0.25 -0.201579 -0.0114473 -0.149979
476 0.0048408 0.0099839 -0.25 0.125685 -0.0538684 0.5
477 -0.193808 0.115577 -0.25 -0.228007 0.137202 -0.149997
478 0.144137 0.0108323 -0.25 0.246786 0.163778 0.359961
479 -0.220235 -0.105443 -0.25 -0.238907 -0.113324 -0.14999
480 0.0207248 -0.0519799 -0.25 -0.0486963 -0.123558 0.5
481 -0.0728292 -0.165031 -0.25 -0.0750808 -0.114463 0.359999
482 0.248551 -0.225336 -0.25 0.235051 -0.241422 -0.149995
483 -0.00456813 0.249745 -0.25 0.0114599 0.289559 -0.149989
484 0.00171189 -0.0891683 -0.25 0.0518051 -0.119937 0.359976
485 -0.0102547 0.248179 -0.25 0.00903529 0.253453 -0.149996
486 -0.0981888 -0.0167996 -0.25 -0.150327 -0.0102286 0.5
487 0.115367 -0.106056 -0.25 0.136336 -0.0728891 0.36
488 -0.0496115 -0.0156734 -0.25 -0.205513 -0.00740676 0.359993
489 0.174789 0.0814354 -0.25 0.199813 0.0822302 -0.149997
490 -0.207645 -0.239761 -0.25 -0.22949 -0.250567 -0.149976
491 -0.204146 0.047196 -0.25 -0.21538 0.0137773 -0.14998
492 0.020223 -0.147954 -0.25 -0.00301561 -0.170269 -0.14999
493 -0.0872273 -0.0856405 -0.25 0.00988496 -0.0691749 0.5
494 0.112879 -0.0574622 -0.25 0.123931 -0.0563122 0.359998
495 0.058916 -0.116397 -0.25 0.0785785 -0.10772 0.359998
496 0.140558 0.236087 -0.25 0.170002 0.258434 -0.14998
497 -0.0314277 0.139109 -0.25 -0.0582728 0.116317 0.359993
498 -0.239249 0.214004 -0.25 -0.245088 0.25294 -0.149999
499 0.138854 0.012463 -0.25 0.136081 -0.0126436 -0.149945
500 -0.125164 -0.121401 -0.25 -0.0573602 -0.116662 0.359442
501 0.0106425 0.026647 -0.25 0.0593285 0.0292267 0.5
502 0.1118 -0.123991 -0.25 0.101182 -0.159193 -0.149999
503 0.170591 -0.187812 -0.25 0.230912 -0.225705 -0.15
504 0.110336 0.0953797 -0.25 0.141293 0.0606605 0.359995
505 0.143624 0.152691 -0.25 0.148118 0.186244 -0.149992
506 0.105619 0.189478 -0.25 0.137389 0.19264 -0.149999
507 -0.0501129 -0.124158 -0.25 -0.0629425 -0.182219 0.35999
508 -0.208476 0.11266 -0.25 -0.192727 0.116631 -0.149982
509 0.0402012 0.154402 -0.25 0.068926 0.208877 -0.149993
510 -0.194802 -0.150883 -0.25 -0.198626 -0.144807 -0.15
511 -0.211994 0.195755 -0.25 -0.195087 0.167886 -0.149995
512 -0.164796 0.00657796 -0.25 -0.181242 -0.0206554 -0.15
513 0.0848646 -0.154045 -0.25 0.121403 -0.161866 -0.149997
514 -0.0294179 -0.0262815 -0.25 -0.0316383 -0.11381 0.5
515 0.108418 0.0954179 -0.25 0.0817941 0.101046 0.355662
516 0.102318 -0.130939 -0.25 0.0856895 -0.10404 -0.149993
517 -0.127935 -0.0358826 -0.25 -0.123872 -0.049255 0.359989
518 -0.00493004 -0.207344 -0.25 0.0753777 -0.222466 -0.149991
519 0.0263056 -0.144594 -0.25 0.0319052 -0.151539 -0.149999
520 0.138036 -0.0800709 -0.25 0.174183 -0.0839274 -0.149957
521 -0.241903 -0.00634568 -0.25 -0.218979 -0.0134974 -0.149994
522 -0.140593 -0.0420158 -0.25 -0.117221 -0.0572147 0.36
523 0.119496 -0.0990694 -0.25 0.0817896 -0.107738 0.359933
524 -0.179356 -0.0903028 -0.25 -0.133858 -0.014245 0.359997
525 -0.194667 -0.124158 -0.25 -0.198586 -0.114164 -0.15
526 0.00881439 -0.156661 -0.25 0.00991086 -0.0784646 -0.0762033
527 -0.178403 0.0940184 -0.25 -0.218269 0.0929603 -0.149999
528 0.0999167 0.156462 -0.25 0.0960073 0.198369 -0.149994
529 0.189974 -0.179501 -0.25 0.209244 -0.174142 -0.149985
530 -0.11982 0.0483917 -0.25 -0.162529 0.0170269 0.5
531 0.165917 0.232498 -0.25 0.191705 0.228257 -0.149963
532 0.167452 -0.212018 -0.25 0.139062 -0.179775 -0.149998
533 -0.0533845 -0.0874777 -0.25 0.022018 -0.129532 0.359983
534 -0.169362 0.222921 -0.25 -0.139778 0.228158 -0.149989
535 0.0179282 0.218673 -0.25 -0.0575257 0.215506 -0.149998
536 -0.10715 0.0260253 -0.25 -0.13539 -0.0258191 0.359997
537 -0.0376725 0.0022569 -0.25 -0.0368127 0.00233212 0.5
538 0.234009 -0.168176 -0.25 0.266419 -0.145081 -0.149995
539 0.153188 -0.195347 -0.25 0.112453 -0.19395 -0.149983
540 -0.0084793 0.208521 -0.25 0.00503888 0.199998 -0.149998
541 -0.0695049 -0.249665 -0.25 -0.11311 -0.260086 -0.149983
542 -0.198141 0.00209215 -0.25 -0.173106 0.00294909 -0.149999
543 0.0943535 0.151776 -0.25 0.134405 0.127692 -0.149998
544 -0.0914462 0.0343271 -0.25 -0.147596 0.0325875 0.359997
545 0.222275 0.038734 -0.25 0.216726 0.0240151 -0.149988
546 -0.167281 0.138191 -0.25 -0.204478 0.079599 -0.149979
547 0.0212321 -0.249829 -0.25 0.032393 -0.233977 -0.149992
548 0.176173 0.217848 -0.25 0.165812 0.243602 -0.149998
549 -0.0873066 -0.243189 -0.25 -0.0992981 -0.251115 -0.149996
550 0.190769 0.180622 -0.25 0.160957 0.181809 -0.149997
551 0.225484 -0.166381 -0.25 0.240827 -0.163976 -0.149997
552 -0.0433531 -0.0621885 -0.25 -0.0120885 -0.169287 0.35997
553 0.0858756 -0.0593436 -0.25 0.102009 -0.0822583 0.359992
554 0.019635 -0.0109368 -0.25 -0.183287 -0.0347288 0.5
555 -0.0046902 -0.238844 -0.25 -0.000288911 -0.261201 -0.15
556 -0.0524163 0.175805 -0.25 -0.0825785 0.176829 -0.149999
557 -0.238509 -0.000556985 -0.25 -0.311244 0.0108362 -0.15
558 -0.072103 0.105844 -0.25 -0.0820681 0.112911 0.359988
559 -0.098781 0.0864508 -0.25 -0.0795351 0.11774 0.359969
560 -0.109829 -0.126506 -0.25 -0.0677637 -0.13228 -0.149999
561 -0.124815 -0.0271098 -0.25 -0.124966 0.0358284 0.35997
562 -0.238315 0.146417 -0.25 -0.215582 0.15012 -0.149997
563 -0.0269387 0.187858 -0.25 -0.00261388 0.142603 -0.149998
564 0.114264 0.135755 -0.25 0.0753534 0.152178 -0.149994
565 0.194669 0.0550331 -0.25 0.240025 0.0592172 -0.149998
566 0.0663764 0.170153 -0.25 0.103534 0.199241 -0.15
567 0.138652 -0.226977 -0.25 0.192345 -0.216795 -0.149996
568 -0.142036 -0.0254726 -0.25 -0.173467 -0.0171932 -0.149994
569 -0.0363204 0.127599 -0.25 -0.0725294 0.0685981 0.5
570 0.213591 0.208989 -0.25 0.20962 0.230329 -0.149991
571 0.138755 -0.0888257 -0.25 0.0950276 -0.0887329 0.354982
572 0.134794 0.150246 -0.25 0.129168 0.139578 -0.14999
573 0.160617 -0.187309 -0.25 0.126021 -0.175025 -0.149994
574 0.00609009 -0.188164 -0.25 -0.0239295 -0.211385 -0.149997
575 0.149142 0.146261 -0.25 0.184555 0.117564 -0.149997
576 -0.06467 -0.225673 -0.25 -0.0458532 -0.259687 -0.149999
577 -0.130848 -0.0529849 -0.25 -0.0726006 -0.107897 0.345551
578 0.170744 0.0922129 -0.25 0.165966 0.0851938 -0.149994
579 -0.115127 0.0350084 -0.25 -0.117988 0.0546098 0.35634
580 -0.0220324 -0.170458 -0.25 -0.0178722 -0.171877 -0.149989
581 -0.159959 -0.205656 -0.25 -0.170574 -0.248445 -0.149977
582 0.249695 0.228693 -0.25 0.303276 0.196472 -0.149999
583 -0.182633 -0.14234 -0.25 -0.147805 -0.116899 -0.149996
584 -0.0467794 0.0310469 -0.25 -0.147025 -0.0434808 0.359998
585 0.235259 -0.0831888 -0.25 0.243166 -0.102835 -0.149996
586 -0.0099637 0.124014 -0.25 0.0677034 0.162703 0.359973
587 0.0779855 -0.125169 -0.25 0.0607459 -0.114935 0.356125
588 0.0242598 -0.0113972 -0.25 0.0187904 -0.062179 0.5
589 -0.0624782 -0.21965 -0.25 -0.0981318 -0.189925 -0.149993
590 0.050439 -0.163336 -0.25 0.0309507 -0.160052 -0.149989
591 0.176611 0.235769 -0.25 0.187042 0.31134 -0.149989
592 -0.139009 -0.204237 -0.25 -0.155761 -0.227471 -0.149963
593 -0.0672159 -0.218265 -0.25 -0.0509094 -0.236837 -0.149999
594 0.137976 0.0676575 -0.25 0.103607 0.122785 0.359999
595 0.0667431 -0.134056 -0.25 0.0879515 -0.108241 0.36
596 0.1472 0.156785 -0.25 0.133323 0.124828 -0.149991
597 -0.0897124 0.146895 -0.25 -0.0749435 0.164591 -0.149996
598 0.135478 -0.0223451 -0.25 0.1299 -0.0059392 0.359719
599 -0.245445 -0.161302 -0.25 -0.21729 -0.197652 -0.149996
600 -0.241298 0.239814 -0.25 -0.291624 0.33706 -0.149988
601 0.00550963 -0.00126195 -0.25 0.136365 -0.112214 0.5
602 0.113828 -0.166505 -0.25 0.13314 -0.167012 -0.149987
603 0.123569 -0.111912 -0.25 0.0491905 -0.120337 0.359622
604 0.0720979 -0.18891 -0.25 0.0866262 -0.201911 -0.15
605 -0.0815625 -0.127463 -0.25 -0.0779814 -0.110351 0.359998
606 -0.102246 -0.154951 -0.25 -0.105494 -0.161147 -0.149983
607 -0.141694 0.00874522 -0.25 -0.193081 -0.0189372 -0.149994
608 -0.109188 0.04109 -0.25 -0.128781 0.0177771 0.3557
609 0.04048 -0.221212 -0.25 0.0557963 -0.210671 -0.149994
610 -0.141252 -0.142777 -0.25 -0.0537483 -0.181646 -0.15
611 -0.105269 -0.244053 -0.25 -0.121733 -0.267591 -0.149978
612 -0.235992 0.0550191 -0.25 -0.195711 0.0627744 -0.15
613 0.152843 0.149486 -0.25 0.17358 0.118388 -0.149995
614 -0.217326 0.157397 -0.25 -0.251831 0.1684 -0.149991
615 0.238184 -0.208624 -0.25 0.286021 -0.193402 -0.149999
616 0.147211 -0.00630636 -0.25 0.193675 -0.0326895 -0.149999
617 0.0401137 0.0110387 -0.25 0.0226254 0.0458617 0.5
618 0.0771887 -0.0863177 -0.25 0.100613 -0.0892277 0.359973
619 0.149126 -0.100713 -0.25 0.128338 -0.112967 -0.149997
620 -0.0252272 -0.182436 -0.25 -0.0290076 -0.183235 -0.149996
621 0.0218235 0.122527 -0.25 0.0503639 0.137739 0.359999
622 -0.0873874 0.130129 -0.25 -0.0502263 0.119927 0.357631
623 -0.118728 0.0534245 -0.25 -0.0120458 0.0904442 0.5
624 -0.0787806 0.171752 -0.25 -0.0658827 0.151099 -0.149988
625 0.0822124 0.0299669 -0.25 -0.00817398 0.0711894 0.5
626 -0.221025 0.226944 -0.25 -0.247399 0.221543 -0.149952
627 0.0359143 -0.207017 -0.25 0.0162297 -0.219176 -0.149997
628 0.0319629 -0.0612432 -0.25 0.17645 0.107889 0.359997
629 0.192469 0.0646368 -0.25 0.17871 0.0796883 -0.14998
630 -0.153846 0.180653 -0.25 -0.125533 0.208559 -0.149998
631 0.106012 0.243365 -0.25 0.100593 0.238945 -0.149974
632 -0.0756536 -0.103874 -0.25 -0.0871646 -0.120883 0.359998
633 0.00440371 -0.248465 -0.25 0.0194741 -0.246201 -0.149982
634 0.0598085 -0.09647 -0.25 0.122823 -0.065601 0.359995
635 -0.0991783 -0.215419 -0.25 -0.107855 -0.214859 -0.149998
636 -0.0289063 0.172645 -0.25 -0.0309417 0.156676 -0.149987
637 0.157108 0.133706 -0.25 0.207825 0.108366 -0.149999
638 0.0527746 -0.211619 -0.25 0.0639683 -0.206008 -0.149998
639 -0.0628691 0.223994 -0.25 -0.0827203 0.263635 -0.149989
640 0.210133 -0.230657 -0.25 0.187253 -0.237365 -0.15
641 0.00396092 0.239109 -0.25 0.0320779 0.308113 -0.149994
642 0.246287 -0.210125 -0.25 0.277641 -0.194984 -0.149985
643 -0.217908 0.0282499 -0.25 -0.196483 0.0376892 -0.149999
644 -0.0213679 0.22456 -0.25 -0.0047975 0.236727 -0.149993
645 -0.157113 0.0747861 -0.25 -0.15784 0.0591531 -0.149985
646 0.155213 0.198899 -0.25 0.199134 0.176007 -0.149986
647 0.0681511 -0.17044 -0.25 0.11835 -0.16879 -0.149997
648 -0.154975 -0.177445 -0.25 -0.194498 -0.169605 -0.149983
649 -0.168905 0.154834 -0.25 -0.155416 0.182797 -0.149997
650 -0.0239152 -0.0180837 -0.25 -0.0930835 -0.0574362 0.5
651 0.189415 0.197179 -0.25 0.188684 0.187494 -0.149996
652 -0.0954385 0.0965235 -0.25 -0.107832 0.0740731 0.359997
653 0.0808849 0.207336 -0.25 0.059842 0.210787 -0.149991
654 0.134904 -0.231984 -0.25 0.112786 -0.216419 -0.149993
655 0.18133 0.0950373 -0.25 0.140942 0.112335 -0.15
656 -0.212641 -0.064709 -0.25 -0.204794 -0.055289 -0.149999
657 0.0841458 -0.216354 -0.25 0.0795591 -0.282827 -0.149998
658 -0.0248338 0.116237 -0.25 0.0654266 0.134312 0.36
659 0.061896 0.203798 -0.25 0.0980095 0.247424 -0.149992
660 0.0907979 0.154783 -0.25 0.0622097 0.131073 -0.149998
661 0.0285844 -0.00398898 -0.25 0.07306 -0.105585 0.5
662 0.103682 -0.153264 -0.25 0.0557595 -0.131214 0.359996
663 0.0755705 0.198707 -0.25 0.0892857 0.192582 -0.149993
664 -0.0807096 0.156665 -0.25 -0.0646975 0.203162 -0.149976
665 0.103541 0.145375 -0.25 0.057787 0.116456 0.356424
666 -0.111419 0.042956 -0.25 -0.0938319 0.121708 0.36
667 0.0925538 0.0431429 -0.25 0.168025 0.0571344 0.359991
668 -0.11052 -0.0765613 -0.25 -0.137958 -0.0786108 0.359994
669 0.000479001 -0.225616 -0.25 -0.0329278 -0.238212 -0.149988
670 -0.0585455 -0.0681909 -0.25 -0.0762158 -0.107691 0.359999
671 0.119421 -0.0211866 -0.25 0.132582 0.0159164 0.359975
672 0.1171 -0.0464332 -0.25 0.0123736 -0.12946 0.359966
673 0.0124595 -0.157734 -0.25 0.0234186 -0.13235 0.359999
674 -0.180196 -0.175645 -0.25 -0.169842 -0.169985 -0.149997
675 -0.203935 0.160602 -0.25 -0.213005 0.185013 -0.149991
676 0.229138 0.0746489 -0.25 0.231908 0.0451719 -0.149999
677 -0.0933868 0.08282 -0.25 -0.0872193 0.108295 0.397255
678 0.171384 0.232184 -0.25 0.155628 0.241914 -0.15
679 0.0315271 -0.159325 -0.25 0.0318175 -0.126049 0.354018
680 0.138849 -0.114932 -0.25 0.217039 -0.113395 -0.149993
681 0.23605 -0.22257 -0.25 0.24595 -0.148415 -0.149996
682 0.178024 0.078604 -0.25 0.258813 0.0365755 -0.149997
683 0.0705732 -0.182496 -0.25 0.0566037 -0.132546 -0.15
684 -0.247957 -0.178948 -0.25 -0.24033 -0.15976 -0.149992
685 -0.158113 -0.0565029 -0.25 -0.170653 -0.0215012 0.5
686 0.0028613 0.211308 -0.25 -0.0542124 0.222176 -0.149974
687 0.172311 -0.130039 -0.25 0.173104 -0.121765 -0.15
688 -0.0851248 -0.06523 -0.25 0.0682021 -0.197063 0.35998
689 -0.0377724 -0.0153205 -0.25 -0.0152393 -0.044201 0.5
690 0.00912549 0.00829209 -0.25 0.0586509 0.0807763 0.5
691 -0.104718 -0.0117364 -0.25 -0.129727 0.00849442 0.358096
692 -0.167059 0.0518949 -0.25 -0.154011 0.0671925 -0.149995
693 -0.178916 -0.245674 -0.25 -0.187098 -0.262967 -0.149998
694 0.0340786 0.102611 -0.25 0.120332 0.0699261 0.359993
695 -0.155 -0.0770726 -0.25 -0.160237 -0.125759 -0.149999
696 0.237679 -0.168949 -0.25 0.251256 -0.126686 -0.149998
697 -0.0496422 0.165703 -0.25 -0.0462374 0.189551 -0.149999
698 0.159655 -0.229069 -0.25 0.164755 -0.250992 -0.149998
699 0.233207 0.161697 -0.25 0.261934 0.126148 -0.149997
700 -0.158017 -0.174906 -0.25 -0.151007 -0.138855 -0.149994
701 -0.144806 0.0948445 -0.25 -0.138963 0.0766965 -0.149996
702 -0.213598 -0.222495 -0.25 -0.216616 -0.199357 -0.149995
703 0.214806 -0.0487225 -0.25 0.23176 -0.107472 -0.149985
704 -0.0377251 -0.0729666 -0.25 -0.0151867 -0.0857979 0.5
705 0.185957 0.2214 -0.25 0.15478 0.245268 -0.149999
706 0.185326 -0.168761 -0.25 0.169312 -0.175922 -0.149998
707 -0.040336 -0.231733 -0.25 -0.0482663 -0.218725 -0.149978
708 0.133133 0.0307476 -0.25 0.127795 0.123481 0.359989
709 -0.227408 -0.0827879 -0.25 -0.235255 -0.0493217 -0.149995
710 -0.116642 -0.132408 -0.25 -0.0590977 -0.126685 0.359995
711 0.0901395 -0.128963 -0.25 0.0699738 -0.112252 0.359998
712 -0.0513569 -0.209503 -0.25 -0.0409726 -0.225108 -0.149998
713 -0.21326 -0.141702 -0.25 -0.216682 -0.137343 -0.149998
714 -0.188572 -0.230054 -0.25 -0.222283 -0.264495 -0.14999
715 -0.230005 -0.0965885 -0.25 -0.274977 -0.148502 -0.15
716 -0.15496 -0.124811 -0.25 -0.191098 -0.10873 -0.149992
717 0.248256 -0.118557 -0.25 0.246088 -0.10343 -0.233107
718 -0.0973061 0.213062 -0.25 -0.108562 0.233307 -0.149978
719 0.0827202 0.114969 -0.25 0.0906456 0.144495 -0.149998
720 -0.109905 0.0186771 -0.25 -0.12942 -0.0320066 0.359998
721 0.0863692 -0.174579 -0.25 0.0735996 -0.182717 -0.149994
722 0.0999158 -0.203967 -0.25 0.0952377 -0.225381 -0.149995
723 -0.156313 -0.0169507 -0.25 -0.0936165 -0.090208 0.35186
724 0.0767807 -0.13372 -0.25 0.0682181 -0.110664 0.354432
725 0.150261 0.210139 -0.25 0.170161 0.191476 -0.149999
726 -0.016128 -0.00959916 -0.25 0.00336496 -0.147777 0.5
727 -0.168824 0.182515 -0.25 -0.172107 0.188068 -0.149998
728 0.0308981 -0.132084 -0.25 -0.0247306 -0.175764 0.35999
729 -0.209187 0.0923264 -0.25 -0.265527 0.0997156 -0.149997
730 -0.112138 -0.189193 -0.25 -0.0974666 -0.199837 -0.149997
731 0.245738 -0.0170973 -0.25 0.21939 -0.02898 -0.15
732 -0.0640035 0.243994 -0.25 -0.0470366 0.225175 -0.149991
733 0.114345 0.0886904 -0.25 0.071013 0.122666 0.359996
734 0.207056 -0.0529345 -0.25 0.244768 -0.0610922 -0.14998
735 -0.0463408 -0.152849 -0.25 0.0682606 -0.165452 0.359986
736 0.215743 -0.209972 -0.25 0.171202 -0.232991 -0.149998
737 -0.0774278 0.0656584 -0.25 -0.12026 0.0975618 0.359999
738 -0.163939 0.0162596 -0.25 -0.130427 0.0119669 0.359974
739 -0.201292 0.162842 -0.25 -0.225892 0.155583 -0.149989
740 0.132539 0.198969 -0.25 0.102289 0.204896 -0.15
741 0.122981 -0.133589 -0.25 0.156418 -0.0693147 0.5
742 -0.0606301 0.204157 -0.25 -0.0398395 0.233375 -0.149998
743 -0.201074 0.220268 -0.25 -0.226526 0.260302 -0.149999
744 -0.177927 -0.160261 -0.25 -0.129967 -0.152012 -0.149996
745 0.0625944 -0.0400647 -0.25 0.0798759 -0.104616 0.359997
746 -0.0994538 0.0583323 -0.25 -0.128232 0.0371001 0.359985
747 0.192838 0.0865427 -0.25 0.17617 0.135413 -0.149999
748 0.0523263 0.0571834 -0.25 0.119067 0.0778724 0.359995
749 -0.0747669 0.00938217 -0.25 -0.131131 0.00460618 0.359998
750 -0.245751 0.128892 -0.25 -0.241215 0.110289 -0.149996
751 0.106533 0.219992 -0.25 0.134533 0.245005 -0.15
752 0.168921 -0.220894 -0.25 0.156803 -0.198153 -0.15
753 0.03565 -0.245018 -0.25 0.0218704 -0.313756 -0.149988
754 0.0453653 0.0843577 -0.25 0.118727 0.0529527 0.358856
755 0.167824 -0.0720956 -0.25 0.190329 -0.0605757 -0.149998
756 0.0333267 0.0408054 -0.25 0.225231 0.13608 0.5
757 0.0443156 0.222697 -0.25 0.0520619 0.161683 -0.149989
758 -0.00503751 0.0932418 -0.25 -0.0714747 0.216326 0.359993
759 0.192965 0.0670355 -0.25 0.223808 0.0596616 -0.149995
760 0.182981 0.00555889 -0.25 0.220362 -0.0027327 -0.149979
761 -0.223029 -0.166473 -0.25 -0.212969 -0.148074 -0.149997
762 -0.186109 0.219809 -0.25 -0.258407 0.23874 -0.149999
763 0.17007 0.116217 -0.25 0.174492 0.106267 -0.149993
764 0.0269923 -0.154697 -0.25 0.0297715 -0.211877 0.359997
765 -0.1244 0.0312412 -0.25 -0.128003 -0.0227048 0.359714
766 0.224195 0.232133 -0.25 0.189471 0.23301 -0.149995
767 0.00123282 0.143115 -0.25 -0.0402003 0.138693 0.36
768 -0.238761 -0.213117 -0.25 -0.221478 -0.231827 -0.21433
769 0.148098 0.0566039 -0.25 0.139284 0.0512713 -0.149999
770 0.121241 0.0659217 -0.25 -0.114221 0.0617506 0.5
771 0.234508 -0.0954328 -0.25 0.265178 -0.0862946 -0.15
772 -0.143273 0.0288239 -0.25 -0.155129 0.0237103 0.359994
773 -0.122736 0.10169 -0.25 -0.164251 0.0809117 -0.149993
774 -0.127934 -0.179772 -0.25 -0.0525469 -0.118908 0.349551
775 -0.0812749 -0.194954 -0.25 -0.0745591 -0.223367 -0.149994
776 0.0757872 -0.0543041 -0.25 0.141244 -0.0588177 0.359998
777 -0.111427 0.139678 -0.25 -0.116738 0.0572084 0.356675
778 -0.0844952 -0.191357 -0.25 -0.0973949 -0.182249 -0.149999
779 0.00589579 0.192497 -0.25 -0.0185629 0.220096 -0.15
780 -0.0960547 0.131495 -0.25 -0.0634271 0.113479 0.359403
781 -0.0262617 -0.12186 -0.25 -0.0403732 -0.132647 0.359991
782 0.113628 0.224971 -0.25 0.127716 0.272778 -0.149999
783 -0.228744 0.124867 -0.25 -0.253283 0.116973 -0.149997
784 -0.238146 0.169353 -0.25 -0.2697 0.154191 -0.149999
785 -0.068529 0.133095 -0.25 -0.0273566 0.129567 0.359992
786 -0.0147251 -0.0840206 -0.25 -0.11105 -0.100308 0.359968
787 -0.212338 0.092002 -0.25 -0.268456 0.0746758 -0.149979
788 0.194803 -0.0850745 -0.25 0.22789 -0.0817003 -0.15
789 -0.0563084 -0.183131 -0.25 -0.0252473 -0.165077 -0.149998
790 -0.0148462 0.112417 -0.25 0.0745968 0.121122 0.359984
791 -0.128085 -0.189059 -0.25 -0.129514 -0.204553 -0.149996
792 -0.191887 0.0104882 -0.25 -0.191297 -0.0300663 -0.149996
793 0.200619 -0.0263826 -0.25 0.211473 -0.06355 -0.149999
794 0.0691309 -0.0434848 -0.25 0.114843 -0.0687209 0.359899
795 -0.0838855 0.223076 -0.25 -0.0809561 0.280288 -0.149993
796 -0.161989 0.139853 -0.25 -0.166774 0.0931373 -0.149999
797 -0.148784 0.201639 -0.25 -0.130596 0.177014 -0.15
798 0.114824 -0.127528 -0.25 0.102406 -0.104961 -0.149998
799 0.0765061 0.126678 -0.25 0.0615516 0.116212 0.359994
800 -0.208175 -0.242023 -0.25 -0.258336 -0.239684 -0.149983
801 0.00977253 0.0271001 -0.25 -0.0258002 0.0363236 0.5
802 -0.0760434 0.0474343 -0.25 -0.208794 0.0148222 0.5
803 -0.130898 -0.13124 -0.25 -0.121973 -0.125495 -0.15
804 0.21236 0.0627937 -0.25 0.240143 0.0135983 -0.15
805 -0.0643713 -0.0524863 -0.25 -0.0877491 -0.110591 0.359996
806 -0.0747896 0.0575438 -0.25 -0.251291 0.014334 0.5
807 0.00845471 -0.016677 -0.25 -0.0868796 -0.130635 0.359997
808 -0.181968 -0.0409259 -0.25 -0.198794 -0.0262889 -0.149994
809 0.20694 0.137163 -0.25 0.240247 0.103872 -0.14998
810 0.165589 -0.126945 -0.25 0.124729 -0.138901 -0.149981
811 0.110239 -0.2464 -0.25 0.139545 -0.259417 -0.149998
812 -0.237092 0.211455 -0.25 -0.245068 0.171925 -0.149997
813 0.205239 0.127732 -0.25 0.167231 0.122066 -0.149989
814 -0.166073 0.0317451 -0.25 -0.129189 -0.0145448 0.359354
815 0.00440972 -0.124247 -0.25 0.119722 -0.185772 0.359987
816 0.0397223 -0.235818 -0.25 0.0354921 -0.22993 -0.149989
817 0.152853 0.213679 -0.25 0.171089 0.254756 -0.169057
818 0.0616165 -0.228045 -0.25 0.0583942 -0.272768 -0.149994
819 -0.167561 0.0239764 -0.25 -0.0976695 0.097092 0.359995
820 0.0847486 0.0180673 -0.25 0.0523104 0.00856662 -0.135577
821 0.22149 -0.240041 -0.25 0.224655 -0.276891 -0.149998
822 -0.174389 -0.0200553 -0.25 -0.16857 -0.00303123 -0.149998
823 -0.00671802 -0.106357 -0.25 0.00340261 -0.133286 0.359996
824 0.189019 -0.0497776 -0.25 0.221666 -0.0122212 -0.149994
825 -0.219194 0.104608 -0.25 -0.231846 0.0790925 -0.149985
826 0.0732772 0.141045 -0.25 0.0383285 0.141931 -0.149989
827 0.108208 0.0861849 -0.25 0.10366 0.0794236 0.359993
828 0.1025 0.063447 -0.25 0.175551 -0.12082 0.5
829 -0.0360833 0.186428 -0.25 0.0159394 0.166892 -0.149984
830 -0.154808 0.218326 -0.25 -0.157237 0.220934 -0.149977
831 -0.18782 0.134914 -0.25 -0.148233 0.120875 -0.165372
832 0.232509 0.215033 -0.25 0.242844 0.24868 -0.149986
833 0.0985931 0.0441252 -0.25 0.139387 -0.0634471 0.5
834 0.236988 0.181032 -0.25 0.230395 0.188168 -0.149996
835 -0.181898 0.0717367 -0.25 -0.19584 0.046087 -0.149987
836 -0.0509011 -0.210408 -0.25 -0.0729085 -0.186593 -0.149989
837 0.0816957 0.02471 -0.25 0.11168 0.0733472 0.359999
838 0.0195363 -0.175022 -0.25 0.0446674 -0.12762 0.35981
839 0.168353 -0.0414449 -0.25 0.181456 -0.0621885 -0.149975
840 0.0252 0.199159 -0.25 0.0596712 0.17451 -0.149999
841 -0.186837 -0.151523 -0.25 -0.195843 -0.206382 -0.149993
842 0.0902038 0.171371 -0.25 0.0478609 0.168626 -0.149996
843 0.184662 -0.0572959 -0.25 0.14102 -0.0418665 0.359995
844 -0.0151817 -0.101421 -0.25 -0.0486895 -0.091414 0.5
845 -0.120868 0.0800103 -0.25 -0.164715 0.0268334 0.359992
846 -0.133095 -0.0586878 -0.25 -0.119125 -0.0520524 0.358024
847 -0.0350754 -0.150586 -0.25 -0.117929 -0.153188 -0.149999
848 -0.0936546 -0.186482 -0.25 -0.0878658 -0.20648